7.000000000000000000e+00 1.500000000000000000e+01
7.000000000000000000e+00 4.100000000000000000e+01
3.000000000000000000e+00 4.100000000000000000e+01
3.000000000000000000e+00 1.500000000000000000e+01
7.000000000000000000e+00 6.100000000000000000e+01
7.000000000000000000e+00 8.700000000000000000e+01
3.000000000000000000e+00 8.700000000000000000e+01
3.000000000000000000e+00 6.100000000000000000e+01
7.000000000000000000e+00 1.070000000000000000e+02
7.000000000000000000e+00 1.330000000000000000e+02
3.000000000000000000e+00 1.330000000000000000e+02
3.000000000000000000e+00 1.070000000000000000e+02
7.000000000000000000e+00 1.530000000000000000e+02
7.000000000000000000e+00 1.790000000000000000e+02
3.000000000000000000e+00 1.790000000000000000e+02
3.000000000000000000e+00 1.530000000000000000e+02
7.000000000000000000e+00 1.990000000000000000e+02
7.000000000000000000e+00 2.250000000000000000e+02
3.000000000000000000e+00 2.250000000000000000e+02
3.000000000000000000e+00 1.990000000000000000e+02
5.300000000000000000e+01 1.500000000000000000e+01
5.300000000000000000e+01 4.100000000000000000e+01
4.900000000000000000e+01 4.100000000000000000e+01
4.900000000000000000e+01 1.500000000000000000e+01
5.300000000000000000e+01 6.100000000000000000e+01
5.300000000000000000e+01 8.700000000000000000e+01
4.900000000000000000e+01 8.700000000000000000e+01
4.900000000000000000e+01 6.100000000000000000e+01
5.300000000000000000e+01 1.070000000000000000e+02
5.300000000000000000e+01 1.330000000000000000e+02
4.900000000000000000e+01 1.330000000000000000e+02
4.900000000000000000e+01 1.070000000000000000e+02
5.300000000000000000e+01 1.530000000000000000e+02
5.300000000000000000e+01 1.790000000000000000e+02
4.900000000000000000e+01 1.790000000000000000e+02
4.900000000000000000e+01 1.530000000000000000e+02
5.300000000000000000e+01 1.990000000000000000e+02
5.300000000000000000e+01 2.250000000000000000e+02
4.900000000000000000e+01 2.250000000000000000e+02
4.900000000000000000e+01 1.990000000000000000e+02
9.900000000000000000e+01 1.500000000000000000e+01
9.900000000000000000e+01 4.100000000000000000e+01
9.500000000000000000e+01 4.100000000000000000e+01
9.500000000000000000e+01 1.500000000000000000e+01
9.900000000000000000e+01 6.100000000000000000e+01
9.900000000000000000e+01 8.700000000000000000e+01
9.500000000000000000e+01 8.700000000000000000e+01
9.500000000000000000e+01 6.100000000000000000e+01
9.900000000000000000e+01 1.070000000000000000e+02
9.900000000000000000e+01 1.330000000000000000e+02
9.500000000000000000e+01 1.330000000000000000e+02
9.500000000000000000e+01 1.070000000000000000e+02
9.900000000000000000e+01 1.530000000000000000e+02
9.900000000000000000e+01 1.790000000000000000e+02
9.500000000000000000e+01 1.790000000000000000e+02
9.500000000000000000e+01 1.530000000000000000e+02
9.900000000000000000e+01 1.990000000000000000e+02
9.900000000000000000e+01 2.250000000000000000e+02
9.500000000000000000e+01 2.250000000000000000e+02
9.500000000000000000e+01 1.990000000000000000e+02
1.450000000000000000e+02 1.500000000000000000e+01
1.450000000000000000e+02 4.100000000000000000e+01
1.410000000000000000e+02 4.100000000000000000e+01
1.410000000000000000e+02 1.500000000000000000e+01
1.450000000000000000e+02 6.100000000000000000e+01
1.450000000000000000e+02 8.700000000000000000e+01
1.410000000000000000e+02 8.700000000000000000e+01
1.410000000000000000e+02 6.100000000000000000e+01
1.450000000000000000e+02 1.070000000000000000e+02
1.450000000000000000e+02 1.330000000000000000e+02
1.410000000000000000e+02 1.330000000000000000e+02
1.410000000000000000e+02 1.070000000000000000e+02
1.450000000000000000e+02 1.530000000000000000e+02
1.450000000000000000e+02 1.790000000000000000e+02
1.410000000000000000e+02 1.790000000000000000e+02
1.410000000000000000e+02 1.530000000000000000e+02
1.450000000000000000e+02 1.990000000000000000e+02
1.450000000000000000e+02 2.250000000000000000e+02
1.410000000000000000e+02 2.250000000000000000e+02
1.410000000000000000e+02 1.990000000000000000e+02
1.910000000000000000e+02 1.500000000000000000e+01
1.910000000000000000e+02 4.100000000000000000e+01
1.870000000000000000e+02 4.100000000000000000e+01
1.870000000000000000e+02 1.500000000000000000e+01
1.910000000000000000e+02 6.100000000000000000e+01
1.910000000000000000e+02 8.700000000000000000e+01
1.870000000000000000e+02 8.700000000000000000e+01
1.870000000000000000e+02 6.100000000000000000e+01
1.910000000000000000e+02 1.070000000000000000e+02
1.910000000000000000e+02 1.330000000000000000e+02
1.870000000000000000e+02 1.330000000000000000e+02
1.870000000000000000e+02 1.070000000000000000e+02
1.910000000000000000e+02 1.530000000000000000e+02
1.910000000000000000e+02 1.790000000000000000e+02
1.870000000000000000e+02 1.790000000000000000e+02
1.870000000000000000e+02 1.530000000000000000e+02
1.910000000000000000e+02 1.990000000000000000e+02
1.910000000000000000e+02 2.250000000000000000e+02
1.870000000000000000e+02 2.250000000000000000e+02
1.870000000000000000e+02 1.990000000000000000e+02
2.370000000000000000e+02 1.500000000000000000e+01
2.370000000000000000e+02 4.100000000000000000e+01
2.330000000000000000e+02 4.100000000000000000e+01
2.330000000000000000e+02 1.500000000000000000e+01
2.370000000000000000e+02 6.100000000000000000e+01
2.370000000000000000e+02 8.700000000000000000e+01
2.330000000000000000e+02 8.700000000000000000e+01
2.330000000000000000e+02 6.100000000000000000e+01
2.370000000000000000e+02 1.070000000000000000e+02
2.370000000000000000e+02 1.330000000000000000e+02
2.330000000000000000e+02 1.330000000000000000e+02
2.330000000000000000e+02 1.070000000000000000e+02
2.370000000000000000e+02 1.530000000000000000e+02
2.370000000000000000e+02 1.790000000000000000e+02
2.330000000000000000e+02 1.790000000000000000e+02
2.330000000000000000e+02 1.530000000000000000e+02
2.370000000000000000e+02 1.990000000000000000e+02
2.370000000000000000e+02 2.250000000000000000e+02
2.330000000000000000e+02 2.250000000000000000e+02
2.330000000000000000e+02 1.990000000000000000e+02
1.500000000000000000e+01 3.000000000000000000e+00
4.100000000000000000e+01 3.000000000000000000e+00
4.100000000000000000e+01 7.000000000000000000e+00
1.500000000000000000e+01 7.000000000000000000e+00
6.100000000000000000e+01 3.000000000000000000e+00
8.700000000000000000e+01 3.000000000000000000e+00
8.700000000000000000e+01 7.000000000000000000e+00
6.100000000000000000e+01 7.000000000000000000e+00
1.070000000000000000e+02 3.000000000000000000e+00
1.330000000000000000e+02 3.000000000000000000e+00
1.330000000000000000e+02 7.000000000000000000e+00
1.070000000000000000e+02 7.000000000000000000e+00
1.530000000000000000e+02 3.000000000000000000e+00
1.790000000000000000e+02 3.000000000000000000e+00
1.790000000000000000e+02 7.000000000000000000e+00
1.530000000000000000e+02 7.000000000000000000e+00
1.990000000000000000e+02 3.000000000000000000e+00
2.250000000000000000e+02 3.000000000000000000e+00
2.250000000000000000e+02 7.000000000000000000e+00
1.990000000000000000e+02 7.000000000000000000e+00
1.500000000000000000e+01 4.900000000000000000e+01
4.100000000000000000e+01 4.900000000000000000e+01
4.100000000000000000e+01 5.300000000000000000e+01
1.500000000000000000e+01 5.300000000000000000e+01
6.100000000000000000e+01 4.900000000000000000e+01
8.700000000000000000e+01 4.900000000000000000e+01
8.700000000000000000e+01 5.300000000000000000e+01
6.100000000000000000e+01 5.300000000000000000e+01
1.070000000000000000e+02 4.900000000000000000e+01
1.330000000000000000e+02 4.900000000000000000e+01
1.330000000000000000e+02 5.300000000000000000e+01
1.070000000000000000e+02 5.300000000000000000e+01
1.530000000000000000e+02 4.900000000000000000e+01
1.790000000000000000e+02 4.900000000000000000e+01
1.790000000000000000e+02 5.300000000000000000e+01
1.530000000000000000e+02 5.300000000000000000e+01
1.990000000000000000e+02 4.900000000000000000e+01
2.250000000000000000e+02 4.900000000000000000e+01
2.250000000000000000e+02 5.300000000000000000e+01
1.990000000000000000e+02 5.300000000000000000e+01
1.500000000000000000e+01 9.500000000000000000e+01
4.100000000000000000e+01 9.500000000000000000e+01
4.100000000000000000e+01 9.900000000000000000e+01
1.500000000000000000e+01 9.900000000000000000e+01
6.100000000000000000e+01 9.500000000000000000e+01
8.700000000000000000e+01 9.500000000000000000e+01
8.700000000000000000e+01 9.900000000000000000e+01
6.100000000000000000e+01 9.900000000000000000e+01
1.070000000000000000e+02 9.500000000000000000e+01
1.330000000000000000e+02 9.500000000000000000e+01
1.330000000000000000e+02 9.900000000000000000e+01
1.070000000000000000e+02 9.900000000000000000e+01
1.530000000000000000e+02 9.500000000000000000e+01
1.790000000000000000e+02 9.500000000000000000e+01
1.790000000000000000e+02 9.900000000000000000e+01
1.530000000000000000e+02 9.900000000000000000e+01
1.990000000000000000e+02 9.500000000000000000e+01
2.250000000000000000e+02 9.500000000000000000e+01
2.250000000000000000e+02 9.900000000000000000e+01
1.990000000000000000e+02 9.900000000000000000e+01
1.500000000000000000e+01 1.410000000000000000e+02
4.100000000000000000e+01 1.410000000000000000e+02
4.100000000000000000e+01 1.450000000000000000e+02
1.500000000000000000e+01 1.450000000000000000e+02
6.100000000000000000e+01 1.410000000000000000e+02
8.700000000000000000e+01 1.410000000000000000e+02
8.700000000000000000e+01 1.450000000000000000e+02
6.100000000000000000e+01 1.450000000000000000e+02
1.070000000000000000e+02 1.410000000000000000e+02
1.330000000000000000e+02 1.410000000000000000e+02
1.330000000000000000e+02 1.450000000000000000e+02
1.070000000000000000e+02 1.450000000000000000e+02
1.530000000000000000e+02 1.410000000000000000e+02
1.790000000000000000e+02 1.410000000000000000e+02
1.790000000000000000e+02 1.450000000000000000e+02
1.530000000000000000e+02 1.450000000000000000e+02
1.990000000000000000e+02 1.410000000000000000e+02
2.250000000000000000e+02 1.410000000000000000e+02
2.250000000000000000e+02 1.450000000000000000e+02
1.990000000000000000e+02 1.450000000000000000e+02
1.500000000000000000e+01 1.870000000000000000e+02
4.100000000000000000e+01 1.870000000000000000e+02
4.100000000000000000e+01 1.910000000000000000e+02
1.500000000000000000e+01 1.910000000000000000e+02
6.100000000000000000e+01 1.870000000000000000e+02
8.700000000000000000e+01 1.870000000000000000e+02
8.700000000000000000e+01 1.910000000000000000e+02
6.100000000000000000e+01 1.910000000000000000e+02
1.070000000000000000e+02 1.870000000000000000e+02
1.330000000000000000e+02 1.870000000000000000e+02
1.330000000000000000e+02 1.910000000000000000e+02
1.070000000000000000e+02 1.910000000000000000e+02
1.530000000000000000e+02 1.870000000000000000e+02
1.790000000000000000e+02 1.870000000000000000e+02
1.790000000000000000e+02 1.910000000000000000e+02
1.530000000000000000e+02 1.910000000000000000e+02
1.990000000000000000e+02 1.870000000000000000e+02
2.250000000000000000e+02 1.870000000000000000e+02
2.250000000000000000e+02 1.910000000000000000e+02
1.990000000000000000e+02 1.910000000000000000e+02
1.500000000000000000e+01 2.330000000000000000e+02
4.100000000000000000e+01 2.330000000000000000e+02
4.100000000000000000e+01 2.370000000000000000e+02
1.500000000000000000e+01 2.370000000000000000e+02
6.100000000000000000e+01 2.330000000000000000e+02
8.700000000000000000e+01 2.330000000000000000e+02
8.700000000000000000e+01 2.370000000000000000e+02
6.100000000000000000e+01 2.370000000000000000e+02
1.070000000000000000e+02 2.330000000000000000e+02
1.330000000000000000e+02 2.330000000000000000e+02
1.330000000000000000e+02 2.370000000000000000e+02
1.070000000000000000e+02 2.370000000000000000e+02
1.530000000000000000e+02 2.330000000000000000e+02
1.790000000000000000e+02 2.330000000000000000e+02
1.790000000000000000e+02 2.370000000000000000e+02
1.530000000000000000e+02 2.370000000000000000e+02
1.990000000000000000e+02 2.330000000000000000e+02
2.250000000000000000e+02 2.330000000000000000e+02
2.250000000000000000e+02 2.370000000000000000e+02
1.990000000000000000e+02 2.370000000000000000e+02
